####################################################################################################
--12.p--
  0: rgb(242, 249, 254)
  1: rgb(206, 233, 250)
  2: rgb(191, 228, 247)
  3: rgb(174, 220, 243)
  4: rgb(173, 199, 229)
  5: rgb(103, 107, 135)
  6: rgb(19, 22, 57)
  7: rgb(8, 10, 28)
77774444444444444444444444444444444444444444444444444444444444444444444444444444444444444444444444447777
77771111111111111111111111111111111111111111111111111111111111111111111111111111110001101110100111117777
77773223445442244442222222441112444444222222222222222222222222222222222223222222224554455445444322237777
77773224555554254552222222421222444555422222222222222222222222222222222224422222224554455455455422237777
77773224555554245552222222444444440455542222222222222222222222222222222225522222235554145454255422237777
77773222244422222222222222455444544445422222222222222222222222222222222225522222222232222222222322237777
77773222222333322222222222555445444444322222222222222222222222222222222222211222222222222222222222237777
77773222222333333212222222455555555555222222222222222211122222222222222222211222222211222222222222237777
77773222223333333312222222310111111121122222222222222222222222222222222222222222222222222222222222237777
77773222233322333332222222441111111124444434242242222222222222222222222222222222222222222222222222237777
77773222233333333333322222442242222444424422222222222222222222222222222222222222222222222222222222237777
77773222333333333333332222211444422424422222222222222222222222222222222222222222222221122222222222237777
77773223333333333333333322444444444444422222222222222222221222222222222222222222222222222222222222237777
77773233211111111111111100142444444444100000111001111101222222222222222222222222222222222222222222237777
77773333024555555555455555545545455455545545555555554410222222222222222222222222222222222222222222237777
77774333045666666666666666666666666666666666666666666430222222222222222222222222222222222222222222237777
77774333025666666666666666666666666666666666666666666510222222222222222222222222222222222222222212237777
77774333044666666666666666654556666666666666666666666430222222222222222222222222222222222222222212237777
77774333024555555555544444544445544444555555555555555420222222222222222222222222222233222222222222237777
77774333101012111111100000000000000000111110111111441111222222222222111122222222222333332222222222237777
77774333100013333333100000000000000000133332222214442222222222222221000002222222223333333322222222237777
77774333333233333310000000141111111124413333322222222222222222222210000000122222333333333333221222237777
77774333333333331000000000154322222444400012333222222222222222222000000000012223333333333333321222237777
77774333333333200000000000142244442424400000012324322222222222221000014432001334443333333333332222237777
77774333333320000000000000141144444444400000221424432222222222223211344444420334443333333333333222237777
77774333333100000000000000044444444444411100000000023222222222224444444444432433333333333333333322237777
77774333320000000000000001100000000000122221110000001333222222234444444444444443333333333333333333237777
77774333100000000000001111441111121444542111222211100133333332244444444444444444443333333333333333337777
77774320000000000000112211442322222455554111111122221111222223333334444444444444444433333333333333337777
77774100000000000112211111442444422455554111111111111111111111111122222222222222122222222222222222107777
77771000000000112222222221444444444444421222222222222222111111111111111111111111111111111111111111007777
77770000000000011111111110144444444444100000000001111111111111111111111111111111111111111111111111127777
77771011014444444422424334444444444444444444444445554211221111111111111111111111111111111111111111127777
77772121045666666654444445666666666666666666666666665442222222222222111122222111111111111111111122127777
77772121156666666666666666666666666666666666666666666520111111111110000000000000000000000000010000017777
77772121046666666665555666666666666654566666666666666430000000000000000000000000000000000000000000007777
77772111045666666654444666666666666654456666666666666540000000000000000000000000000000000000000000017777
77771000044156612566666666666666665666666666666666666440000000000000000000000000000000000000000000017777
77774444445566655666666666666666666666666666666666666554444424544410000000000000000000000000000000017777
77776666656666666666666666666666666666666666666666666666666655666440000000000000000000000000000000007777
77776666666666666666666666666666666666666666666666666666656666666520000000000000000000000000000000017777
77776666666666666666666666666666666665656666666666666666666666666530000000000000000000000000000000017777
77776666666666666666666666666666666654444666666666655666666666666540000000000000000000000000000000007777
77776666666666666666666666666666666666666666666666655654566666666440000000000000000000000000000000007777
77776666666666666666666666666666666666666666666666666666666666666554444445544410000000000000000000007777
77776665566666666666655666666666666666655666666666666666666666666666666666666440000000000000000000017777
77776665466666666666656666666666666666666666666666666666666666666666666666666520000000000000000000017777
77776666666666666666666666666666666666666666666666566666666666666666666666666530000000000000000000007777
77776666456666666666666666666666666666666666666665456666666666666666666666666540000000000000000000007777
77776666546666666666666666666666666666666666666666666666666666666666666666666440000000000000000000007777
77776666666666666666666655666566666666666666666666666666666666666666666666666544444444444444444444447777
77776666666666666666666544665456666666666666666666666666666666666666666666666666666666666666666666667777
77776666666666666666666666666666666666666666666666666666666666666666666666666666666666666666666666667777
77776666666666666666666666666666666666666666666666666666566666666666666666666666666666666666666666667777
77776666666666666666666666666666666666666666666666666664456666666666666666666666666666666666666666667777
####################################################################################################
--14.p--
  0: rgb(241, 249, 254)
  1: rgb(207, 232, 250)
  2: rgb(191, 228, 247)
  3: rgb(176, 220, 242)
  4: rgb(170, 190, 221)
  5: rgb(85, 87, 117)
  6: rgb(19, 22, 58)
  7: rgb(9, 10, 29)
77774444443444444444444444444444434445444444434444444444434444444444434444444444434344444444434444447777
77771111111111111111111111111111111455411111111111111111111111111111111111111111100001111101100111117777
77773223444442244442222222441112244445422222222222222222222222222222222222222222211454445445444322237777
77773224555554244542222222421222342454422222222222222222222212222222222211122222224554455455455422237777
77773224555554255442222222444444440455542222222222222222222211222222222222222222224554554454245422237777
77773222244422222222222222444444444444422222222222222222222222222222222222222222223322233222223322237777
77773222222222222222222222455445444444322222222222222222222222222222222222222222222222222222222222237777
77773222222222222222222222455554444444322222222222222222222222222222222222222222222222222222222222237777
77773222112222222222222222101111111121222222222222222222222222222222222222222222222222222222222222237777
77773222222222222222222223411111111144222222222222222222222222222222222222222222222222222222222222237777
77773222222222222222222223443332222344221112222222222222222222222222222222222222222222222222222222237777
77773222222222222222222444442333323234222222222222222222222222222222222222222222222222222222222222237777
77774411112222222222121344444444444444322222222222222222222222222222222222222222222222222222222222237777
77774411112100001210011111344444444442000000011000000001111011111012222222222222222222222222222222237777
77774333222111112210345555554444444454455444444454455445544455544102222222222222222222222222222222237777
77774333332111122210456666666666666666666666666666666666666666664302222222222222222222222222222222237777
77773123333333320000244666666666666666666666666666666666666666665102222222222222222222222222222222237777
77770000123333332110445666666666666666666666666666666666666666664302222222222222222222222221122222237777
77770000000233333320244555455554444445445454444445445454455555543102222222222222222222222222222222237777
77770000000002334431111111000000000000011111000000001101111111111113222222222222222222222222222222237777
77770000000000002333333222200000000000122222222100000222222222333333332222222222222222222221001222127777
77770000000000000001333332441111111124412222221000000012222233333333333322222222222222222210000000007777
77770000000222440000001233442333222234421122200000000001222333333333333332222222212222222000000000007777
77770000000000000000000000442333332324422222100001343200133333333333333333222222222222210000000000007777
77770000000000000000000000144444443444422222211134444443133333333333333333322222222222100000000000007777
77770000011112222211441000044444441444422223444444444444443333333333333333332222222220000000000000007777
77771111222111111111221211100000000000122223444444444444444333333333333333333322222200000000000001127777
77772122222111111111111122441111111124433223444444444444444443333333333333333332222100000000000011127777
77772112442111111111111112441233222334422223333333333444444444433333333333333332100000111110000011127777
77772112211111111111111111341133332324411111111222222222222222222222222222222210000011122111000121127777
77772222212212222222212221344344444444412222222222111222222211122211111111111100001121111111111111127777
77773233323211000000011124444444444444200000011000000000000011101011111111111111122111111111112111127777
77772122222121000110144344444444444444444444444444444444444455443101111111111122221222111111121111127777
77772111111112221110456666666666666666666666666666666666666666664301211111112222222444422222222221127777
77772110012222220001566666666666666666666666666666666666666666665100000000000000001455511111111111127777
77772111111111111000466666666666566666666545445666665566666666664300000000000000000455400000000000017777
77771000000000100000456666666666666666666545546666666666666666664400000000000000000011000000000000007777
77770000000000440110456666666666666666666666666666666666666666664300000000000000000000000000000000017777
77770000144344344434456666544666666666666666666666666666666666655444444455443100000000000000000000017777
77770000456666666544564256655666666666666656666666666666666666666666666666664300000000000000000000017777
77771001566666666656676566666666666666666655666666666666666666666666666666665200000000000000000000007777
77771000466666666666655666666655666666666666666666666666666666666665566666664300000000000000000000017777
77770000456666666666644666666654566666666666666666666666666666666666666666664400000000000000000000017777
77770000456666666666666666666666666666666666666666666666666666666666666666664300000000000000000000007777
77774344456666666666666666445664444566666666666666666666666666666666666666655444444455443100000000007777
77776555556666666566666666566665665666666666666666666444446666666666666666666666666666664300000000017777
77776666666666666666666666666666666666666666666666666665566666666666666666666666666666665200000000017777
77776666655566666666666666666666666666666666666666666666666666666666666666666666666666664300000000007777
77776666654566666666666666666666666666666666666666666666666666666666666666666666666666664400000000007777
77776666666666666666666666666666556666666666666666666666666666666666666666666666666666664300000000007777
77776666666666666666666666666666556666666666666666666666666666666666666666666666666666655444444444347777
77776665566555556666666666666666665556666666666666666666666666666666666666666666666666666666666666667777
77776651466404046666666666666666665556666666666666666666666666666666666666666666666666666666666666667777
77776666666666666666666666666666666666666666666666666666666666666666666666666666666666666666666666667777
77776666666666666666666666666666666666666666666666666666666666666666666666666666666666666666666666667777
####################################################################################################
--23.p--
  0: rgb(239, 249, 254)
  1: rgb(203, 234, 251)
  2: rgb(191, 228, 247)
  3: rgb(175, 221, 243)
  4: rgb(159, 206, 233)
  5: rgb(145, 161, 183)
  6: rgb(23, 26, 60)
  7: rgb(8, 9, 27)
77774434554554543434554555543434554555543434554555543434554555543434554555543434554555543434554555547777
77771001001000110101101111110001101111110001101111110001111111110001101111110000001110100000101111117777
77773223455542255522222222222222222222211222222222222222222222222222222222222222125554555455454322237777
77773115555555255553333333222222222222222222222222222222212222222222222222222222224552555465465522237777
77773224555555355553444444433222222222222222222222222222222222222222222222222222215511551354255522237777
77773222244433444334444444444555432222222222222222222222222222222222222222222222222222222222222322237777
77773223333334443222333444355555224433322222222222222222222222222222222222222222222222222222222222237777
77774343333333322222222233455555524553532222222222222222222222222222222222222222222222222222222222237777
77773222222222222222222222555555550165532222222222222222222222222222222222222222222222222222222222237777
77773222222222222222222224544445444255542222222222222222222222222222222222222222222222222222222222237777
77773222222222222222222225555544434445322222222222222222222222222222222222222222222222222222222222237777
77773222222222222222222223455555555552222222222222222222222222222222222222222222222222222222222222237777
77773222222222222222222222222223445542222222222222222222222222222222222222222222222222222222222222237777
77773222222222222222222222101100001011100001111101222222222222222222222222222222222222222222222222237777
77773222222222222222222222014445545555555555655420122222222222222222222221122222222222222222222222237777
77773222222222222245552222045666666666666666666540122222222222222222222222222222222222222222222222247777
77773222222222222255554222056666666666666666666530122222222211222222222222222222222222222222222223347777
77773222222222222155552222025666666666666666666540122222222200022222222222222222222222222222222334347777
77773222222222222223322222025666666666666666666540122222222000012222222222222333222222222222223444347777
77771001111100001000000000035666666666666666656541001000000000000000110101222344332222222222334444347777
77775555555555555555555555555666666666666666566555555555555555555555655420123444443322222334444444347777
77775676666666666666666666666666666666666666666666666666666666666666666540244444444433334444444444347777
77775666666666666666666666666666666666666666666666666666666666666666666530244444444444444444444444347777
77775676666666666666666666666666666666666666666666666666666666666665566540244444444444444444444444347777
77774556555555555555555555555555555555555555555555555555555555555555555540244444444444444444444444347777
77770000000000000000000000001000000000000000000000001111111111111212100000344444444444444444444444347777
77770001111111111111110000001222222222222222222221014433444444444444443212234444444444444323444444347777
77770011111111111111111111100122222222222222222220044422444444444445544444422444444443234333444444347777
77770011111111111111111111111122222222222221112210244444444444444445554444443234444443234444444444347777
77770111111111111111111111111112333443322212421002444444444444444445554444444422344444444444444444347777
77771111111111111111111111111111344444431034444444444444444444444444544444444444222344444444444444107777
77772111111111111111111111111111123344200444444444444444444444444444444444444444443112344443334331007777
77772111111111111111111111111111112320024444443333344444444444444444444444444444444442113443333210017777
77772111111111111111111111111111112112444455554111112344444444444444444444423444444444442333221111137777
77772111111111111111111111111111111134444555555211111113444444444444444444444444444344333211111111127777
77770000000000111111111111111111111113444555555111111111234444444444444444444444332211111111111111127777
77770000000000000000000000000011111111132123321111111111112344444444444444332211111111111111111111127777
77770000000000000000000000000000000000000000110101111111111123344443332211111111111111111111111110017777
77770000000000000000000000003434544544555555555410001111111111111111111111111111111100000000000000007777
77770000000000000000000000045666666666666666666540000000000011111111111100000000000000000000000000007777
77770000000000000000000000056666666666666666666530000000000000000000000000000000000000000000000000007777
77771000000000000000000000036666666666666666666540000000000000000000000000000000000000000000000000007777
77770000000000000000000000025666666666666666666540000000000000000000000000000000000000000000000000007777
77770000000000000000000000035666666666666666666540000000000000000000000000000000000000000000000000007777
77774433434544555445443344455666666666666666666555555445443444555555555410000000000000000000000000007777
77775666666666666666666666666666666666666666666666666666666666666666666540000000000000000000000000007777
77776666666666666666666666666666666666666666666666666666666666666666666530000000000000000000000000007777
77776666666666666666666666666666666666666666666666666666666666666666666540000000000000000000000000007777
77775666666666666666666655666666666666666666666666666666666666666666666540000000000000000000000000007777
77775666666666666666666666666666666666666666666666666666666666666666666540000000000000000000000000007777
77775566666666666666666666666666666666655666666666666666666666666666666555545445433334545445433334447777
77775566666666666666666666666666666666666666666666666666666666666666666666666666666666666666666666667777
77776666666666666666666666666666666666666666666666666666666666666666666666666666666666666666666666667777
77776666666666666666666666666666666666666666666666666666666666666666666666666666666666666666666666667777
77776666666666666666666666666666666666666666666666666666666666666666666666666666666666666666666666667777
####################################################################################################
--31.p--
  0: rgb(243, 250, 254)
  1: rgb(210, 237, 252)
  2: rgb(191, 229, 248)
  3: rgb(190, 227, 247)
  4: rgb(171, 214, 238)
  5: rgb(105, 109, 136)
  6: rgb(20, 22, 58)
  7: rgb(7, 8, 24)
77774444444444444444444444444444444444444444444444444444444444444444444444444444444444444444444444457777
77771111111111111111111111111111111111111111111111111111111111111111111111111111111111111101111111117777
77774224445543345432333333333333333333333333333333333333333333333333333333332455255554554345444333247777
77774234555554355542222222222222222222222222222222222222222222222222222222222255255554555455455532247777
77774224555554245542222222222222223322222222222222222222222222222223222222222455445554555454255432247777
77774222344432233322222222233222221232222222222222222222222222222222222222222333323332233333223432247777
77774222222222222222222222444432221122222222222222222222222222222222222222222222222222222222222222247777
77774222222222223212222223444443222232222222222222222222222222222223222222222222222222321232222222247777
77774222222222222222333334444444422222222222222222222222333322222222222222222222222222222222333322247777
77774222222222222222445444444444443222222222222222222234455543222222222222222232222222222222445532247777
77774222222222222222455544444444444322222222222222222235555554222222222222223223222222222223455542247777
77774222222222222222455544444444444432222222222222222224555553222222222222222111322222222222455532247777
77774233333333333333344444444444444444332222222222222222333322222222222222222223222222222222244322247777
77771011111000000011111111111111112111112222222222222222222222222222222222222232222222222222222222247777
77775555555555455555555555455555555554203433222222222222222222222222222222222222222222222222222222247777
77776666666666666666666666666666666664103444433322222222222222222222222222222222222222222222222222247777
77776666666666666666666666666666666665301344444443322222222222222222222222222222222222222222222222247777
77776666666666666666666666666666666665400001344444443222222222222222222222222222222222222222222222247777
77775444445555555444445555555555555554400000013444444432222222222222222222222222222333332222222222247777
77771000011111111111111111111123222200000000000024444444322222222222222222222222223111133222222223447777
77774233344444444444444444455544444414000000000000134444443222222222222222222222331000011322222234447777
77774444444444444444444444555454344555100000000000000124444322222222222222222223210000000232222344447777
77774444444444444444444444555455540455510000000000000000013443222222223222222232000000000013234444447777
77774444444444444444444444544555444445400000000000000000000013333222222322222231000034443001444444447777
77774444444444444444444444544444444444000000000000000000000000013332222222222234212444444442444444447777
77774444444444444444444443455555555555000000111222111211100000000133322222222244444444444444444433447777
77774444444444444444444410031113333331001122222222111222221111000002443332222244444444444444444444447777
77774444444444444444443000140111111134422222222222222222222222211100144444433344444444444444444444447777
77774444444444444444410000153333333344422222222222222222222222222221122222333344444444444444444444447777
77774444444444444443000000143344443334422222222222222222222222221222222222222222222222222222222222247777
77774444444444444410000000144344444444422222222222222222222222234222222222222222222222222222222222137777
77771111111111111000000000044444444444311222222222222222222222244412222222222222222222222222222222137777
77775454454444445454454444444444455544101222222222222222222222222222222222222222222222222222222222137777
77776665666666666666666666666666666664401222222222222222211222212222222222222222222222222222222222137777
77776665666666666666666666666666666665401222222222222222211222111111111111111111111111000000000000017777
77776666666666666666666666666666666665301211111111111111100000000000000000000000000000000000000000016777
77776666666666666666666666666666666665400000000000000000000000000000000000000000000000000000000000016777
77776666666666666666666666666666666665400000000000000000000000000000000000000000000000000000000000016777
77776666666666666666666666666666666665544444455414201300000000000000000000000000000000000000000000016777
77776666666666666666666666666666666666666666666554411100000000000000000000000000000000000000000000016777
77776666666666666666556666666666666666666666666665400000000000000000000000000000000000000000000000016777
77776666666666666666666666666666666666666666666665400000000000000000000000000000000000000000000000016777
77776666666666666666666666666666666666666666666665400000000000000000000000000000000000000000000000016777
77775456666666666666666666666666666666666666666665400000000000000000000000000000000000000000000000016777
77776666666666666666666666666666666666666666666665400000000000000000000000000000000000000000000000016777
77776666666666666666666666666666666666666666666665400000000000000000000000000000000000000000000000016777
77776666666666666666666666666666666666666666666665400000000000000000000000000000000000000000000000016777
77776666666666666666666666666666666666556666666665300000000000000000000000000000000000000000000000016777
77776666666666666666666666666666666666666666666555300000000000000000000000000000000000000000000000016777
77776666666666666666666666666666665666666666666555400000000000000000000000000000000000000000000000006777
77776666666566666556666666666666666666666666666665544444444431444444444444444444444444444444444444447777
77776666666666666566666666666666666666666666666666666666666666666666666666666666666666666666666666667777
77776666666666666666666666666666666666666666666666666666666666666666666666666666666666666666666666667777
77776666666665566666555666666666666666666666666666666666666666666666666666666666666666666666666666667777
77776666666664566666445666666666666666666666666666666666666666666666666666666666666666666666666666667777