####################################################################################################
--10.p-- palette:
  0: rgb(243, 250, 254)
  1: rgb(212, 238, 253)
  2: rgb(194, 233, 253)
  3: rgb(193, 228, 247)
  4: rgb(191, 228, 247)
  5: rgb(190, 228, 247)
  6: rgb(176, 213, 239)
  7: rgb(65, 68, 90)
77776666666666666666666666666666666666666666666666666666666666666666666666666666666666666666666666666666667777
77776011111111111111111111111111111111111111111111111111111111111111111111111111111111111110000110111111067777
77776255666666556666355555555555554455555555555555555555555555555555555555555555555555566656666666663511167777
77776236677776667667354444444444531133113444444444444444444431134444444444444444444444367667776776676623267777
77776236677777657667354444444444433333333444444444444444444433334444444445544444444444367766776762676635267777
77776244666666443666344444444444444434554444444444444444444445544444444443333444334444566666663663366634267777
77776244422224445222444444444444356655344444444444444444444444444444444431113444334444422231113244422444267777
77776244444444444444444444444444566666534444444444444444444444444444444443334434554444444443333444444444267777
77776244554444444444444444444443666666653444444444444444444444444444444444544444444444444444544444444444267777
77776244333444444444444444444435666666666434444444444444444444444444444444444444444444444444444444444444267777
77776243111344444444444444444356666666666653444444444444444444444444444544444444444444444444444444444444267777
77776244433444444444444444444466666666666665344444444444444444444444443334444444444444444444444443444444267777
77776244444444444444444444444666666666666666643444444444444444444444443334444444444444444444444444444444267777
77776244444444444444444444436666666666666666665334444444444444444444444544444444444444444444444444444444267777
77776244444444444444444444466666666666666666666653344444444444444444444444444444444444444444444444444444267777
77776244444444444444444435666676666666666666666666553334444444444444444444444444444444554444444444444444267777
77776244444444444444444356666666663666766666666666666655334444444444444444444444444443334444444444455444267777
77776244444444444444443566667766676606777666666335666663655334444444444444444444444443134444444455313444267777
77776244444444444444356666666666666666667666650000015666666655344444444444444444444444445444444433333444267777
77776234444444444435666666666666666666666666500000000166666666653444444444444444444445311344455531355444267777
77776665334444433366666313667666666666676666000000000001566666666534444444444444444431111344531124544444267777
77776666654334556666666666666666666666661650000000000000001566666654344444444444444443335445300000354444267777
77776666666666666666666666666001111110136100000000000000000001566666534444444444444445544452000000015444267777
77776666666666666666663666666633333333666000000000000000000000001366665344444444444444444510000000001543267777
77776666666666666666666666666666666636666000000000000000000000000000156554444444444444445100000365100145667777
77776666666666666666666666666666666636666000000000000000000000000000000155534444444434445300016666663016667777
77776666666666666666666666666666666666666000000000000011111111100000000001355334444444435666666666666666667777
77776666666666666666666666666111111111110000000000112222112222222211000000016655333444436666666666666666667777
77776666666666666666666666666000001100113000001122222222222222222222221100000466655543336666666666666666667777
77776666666666666666666666666613333333366000122222222222222222222222222222110025566666556666666666666666667777
77776666666666666666666666656666666336666112222222222222222222222222222221222222222222555666666666666666667777
77776266666666666663666666106666666636666322222222221122222222222222222222222222222222222222222222222222267777
77776633566666666666666650006666666666666322222222221122222222222222222222222222222222222222222222222222167777
77776666511366666666666200001666666336666222222222222222222222222222222222222222222222222222222222222222167777
77776666666311666666652100111000000000000322222222222222222222222222222222222222222222222222222222222222167777
77776666666666356652222222226313313331366322222222222222222222222222222222222222222222222222222222222222267777
77776666666666522222222222226666633336666322222222222222222222222222222222222211111111111111111111111110067777
77776666522222222222222222226666666336666322222222222222111111111111100000000000000000000000000000000000067777
77776122222222222222222222226666666666666111111100000000000000000000000000000000000000000000000000000000067777
77776122222222222222211111116666666666666000000000000000000000000000000000000000000000000000000000000000067777
77776121111111110000000000000000000000000000000000000000000000000000000000000000000000000000000000000000067777
77776000000000000000000000006001111111136000000000000000000000000000000000000000000000000000000000000000677777
77776000000000000000000000006633333333666100000000000000000000000000000000000000000000000000000000000001777777
77776000000000000000000000006666666636666000000000000000000000000000000000000000000000000000000000000001677777
77776000000000000000000000006666666636666000000000000000000000000000000000000000000000000000000000000000677777
77776000000000000000000000006666666666666000000000000000000000000000000000000000000000000000000000000000677777
77776000000000000000000000000313333133331000000000000000000000000000000000000000000000000000010000010101677777
77776000000000000000000000001000000000111000000000000000000000000000000000000000000000000003666676676666677777
77776000000000000000000000006613333333366000000000000000000000000000000000000000000000000006777777777777777777
77776000000000000000000000006666666366666000000000000000000000000000000000000000000000000006777777777777777777
77776000000000000000000000006666666636666000000000000000000000000000000000000000000000000003777777777777777777
77776000000000000000000000006666666666666000000000000000000000000000000000000000000000000006777777777777777777
77776000000000000000000000001666666666666000000000000000000000000000000000000000000000000006777777777777777777
77776666633366666666633366666666663336666666666333666666666633366666666633366666666663336666777777767777777777
77777777777777777777777777777777777777777777777777777777777777777777777777777777777777777777777777777777777777
77777777777777777777777777777777777777777777777777777777777777777777777777777777777777777777777777777777777777
####################################################################################################
--20.p-- palette:
  0: rgb(243, 250, 254)
  1: rgb(214, 238, 252)
  2: rgb(194, 232, 252)
  3: rgb(193, 228, 247)
  4: rgb(191, 228, 247)
  5: rgb(190, 228, 247)
  6: rgb(170, 205, 226)
  7: rgb(32, 31, 50)
77776666666666666666666666666666666666666666666666666666666666666666666666666666666666666666666666666666667777
77776011111111111111111111111111111111111111111111111111111111111111111111111111111111111110111111111111067777
77776255666666556666355555531355555555555555555555555555555555555555555555555555555554663256666666313555267777
77776226666666656666354444433344444444444444444444444444444444444444444444444444444442676646676776666624267777
77776226666666626666354434445444444444444444444444444444444444444444444444444444454442676767766762676624267777
77776244666666342246343113444444444444444444433444444444444444444444444444444443313344366646664632566634267777
77776244422225444442443313444444444444444444311344444444444444344444444444344443313344422242224244422444267777
77776244445544444444444554444444554444444444333344444444444444344444444444444444444444444444444444444444267777
77776244444444444444444444444443333444344444455444444444444444444444444444444444444444444444444444444444267777
77776655344444444422244444444443113344444444444444444444444444444444444444434444444444444444444444444444267777
77776666653425422566635444444444333444444444444444444444444344444444444444444444444444444444444444444444267777
77776466666566663567635444444444554444444444444444444444444444444444444444444444444444444444444444444444267777
77776256666667766256632444444444444333444444444444444444444444444444444444444443344444444444444444444444267777
77776244566666632667763544443333455566534444444444444444444444444444444444444443344444444444444444444444267777
77776244356666665366663544335666666666652444443344444444444444444444444444444444444444454444443344444444267777
77776244445666666652225443566666336667666544443344444444444444444444444444444444444444313444431134444444267777
77776244443356666665344443666666666016666534444444444444444444444444444444444444444444333444443355444444267777
77776244443113666666643444266666666666666244444444444444444444444444444444444444444444455444445312544444267777
77776244443335666666665334566666666666666624444444444444444444444444444444444444444444444444445100354444267777
77776555555545666676666556666666666666666624444444445554444444444444444444444444444444444444551000035444267777
77776221113442677666666556666666666666665344444444443134444444444444444444444444444444444445410000015544267777
77777666101544366666665445666666661122443355444444443134444444444444444444443344444444444453100000001354267777
77777776611653422256666666566664100001110013554444444554444444444444444444531134444444444530000000000016667777
77777777601665344435666666666631000000000000135544444444444444444444444444433344444444445200000000000006677777
77777777601666534444555555555200000000000000001235555444444444444444444444445544444444451000000000000006677777
77777676611666653444444444551000000000000000000001113355555444444444444444444444444445410000166666510000667777
77776666303666665344444445200000000000000000000000000001113554333444444444444444444453110016666666666510067777
77776555556666666543444453000000000000001111111100000000000014113444444444444444444530166666666666666666267777
77776566666666666655345551000000000000112222222221111121110000334444444444444444445300666666666666666666667777
77776566666666666666553210000111000000112222222222222222222211134443333344444555555103666666666666666666667777
77776666666666666655210000012221100000122222222222222211122222223555555553454111221016666666666666666666667777
77776222222222222221000001222222110001222222222222222221222222222566666655521566311366666666666666666666667777
77776222222222222220001122222222221112222222222222222222222222222256666665105666666666666666666666666666667777
77776222222222222222222222222222222222222222222222222222222222222225666620166666666666666666666666666666667777
77776222221122222222222222222222222222222222222222222222222222222222665004666666665556666666666666666666667777
77776222221122222222222222222222222222222222222222222222222222222222211566666652222222225666666666666666667777
77776000000000001111111111111111112222211222222222222222222222222222226666666222222222222256666666666666667777
77776000000000000000000000000000000000000011111111122222222222222222222566652222222222222225666666666666667777
77776000000000000000000000000000000000000000000000000000001111111112222225522222222222222222256666666666667777
77776000000000000000000000000000000000000000000000000000000000000000000011111112122222221111111256666666567777
77776000000000000000000000000000000000000000000000000000000000000000000000000000000111100351111463544443367777
77776000000000000000000000000000000000000000000000000000000000000000000000000000000000006677777777777777777777
77776000000000000000000000000000000000000000000000000000000000000000000000000000000000016777777777777777777777
77776000000000000000000000000000000000000000000000000000000000000000000000000000000000016777777777777777777777
77776000000000000000000000000000000000000000000000000000000000000000000000000000000000006777777777777777777777
77776000000000000000000000000000000000000000000000000000000000000000000000000000000000006777777777777777777777
77776000000000000000000000000000000000000000000000000000000000000000000000000100000101016777777777777777777777
77777766610000000000000000000000000000000000000000000000000000000001000000036666666666666777777777777777777777
77777776610000000000000000000000000000000000000000000000000000000016600000067777777777777777777777777777777777
77777776500000000000000000000000000000000000000000000000000000000036600000067777777777777777777777777777777777
77777776300000000000000000000000000000000000000000000000000000000067600000067777777777777776777777777777777777
77777777610000000000000000000000000000000000000000000000000000000001000000067777777777777777777777777767777777
77777776610000000000000000000000000000000000000000000000000000000000000000067777777777777777777777777777777777
77777776666666666633366666666663336666666664333666666666333466666666633366666777777777777777777777777777777777
77777777777777777777777777777777777777777777777777777777777777777777777777777777777777777777777777777777777777
77777777777777777777777777777777777777777777777777777777777777777777777777777777777777777777777777777777777777
####################################################################################################
--30.p-- palette:
  0: rgb(244, 249, 253)
  1: rgb(204, 236, 254)
  2: rgb(201, 227, 245)
  3: rgb(191, 228, 247)
  4: rgb(170, 219, 243)
  5: rgb(146, 165, 196)
  6: rgb(20, 23, 59)
  7: rgb(8, 7, 22)
77775555555444445555555544444555555554444555555554444455555555444445555555544444555555544444555555554444457777
77775011101000001011111100001101111110000110111011000010111101100011011111100001101110000000100111001000057777
77775333455552335552333333333333333333333333333333333333333333333333333333333333235534555545454455453333357777
77775134555555235552333333333333333333333333333333333333333333333333333333333333335645656556565565565533157777
77775134555555235555333333333333333333333333333333333333333333333333333333333333335654656535565651555433157777
77775133355552332223333323333333333333333333333333333333333333333333333333333333335552455433352423345433157777
77775133333312332233223333333333333333344433222333222333333333333333333333333333333333333333333333333333157777
77775133333333322233222333333333333333444443333333222333333333333333333332333333333333333333333333333333157777
77775133333333333333333333333333333334444444433333333333333333333333333333333333333333333333333333333333157777
77775133333333333333333333333333333334444444443333333333333333333333333333333334233333333333333333333333157777
77775133333333333333333333333333333344444224444333333333333333333333333333333335523333333333333333333333157777
77775133333333333333333333333333333444444444444433332233333333333333333333333335523333333333333333333333157777
77775133333333333333333333333333334444444444444444333333333333333333333333333335523333333333333333333333157777
77775133333333333333333333333333344444444444444444433333333333333333333333333333333333333333333333333333157777
77775133333333333333333333333333444444444444444431211111121010011001000000011100000000000000221110023333157777
77775133333333333333333333333334444444444444444402556666665555555555556555555555555655555555665543023333157777
77775133333333333333333333333344444444444444444412566666666666666666666666666666666666666666666654023333157777
77775133333333333333333333333444444444444444444400566666666666666666666666666666666666666666666653023333157777
77775133333333333333333333344444444444444444444412466666666666666666666666666666666666666666666654023333157777
77775133443333333333333334444444444444444444444412455665555555555555555555555555555555555566666554023333157777
77775134444433333333333444444444444444444444444410000010000000001011111101000001101110111111111110011133157777
77775144444444333333344444444444444444444444444400000000000000013444444333333333333222233333333333000002357777
77775444444444444444444444444444444444444444441000000000000000000013444443333333333333333333333320000000157777
77775444444444444444444444444444444444444444100000000000000000000000001344433333333323333333333100000000057777
77775444444444444444444444444444444444444410000000000000000000000000000001343333333222333333331000002431027777
77775444444444444444444444444444444444443000000000000000000000000000000000001333333333333333333000144444457777
77775444444444444444444444444444444444300000000000000000000011111111000000000002333333333333334444444444457777
77775344444444444444444444444555444444200000000000000001111111111111111110000000034333333333344444444444457777
77775144444444444444444444445555522454452000000000001111111111111111111111111000002444433333344444444444457777
77775424444444444444444444445555554505655000000001111111111111111111111111111111100333444444344444444444457777
77775443344444444444444444445555555522555500001111111111111111111111111111111111111111111333334444444444457777
77775444433444444444444444445445554444455000111111111111111111111111111111111111111111111111111111111111157777
77775444444323443444444444455555555555452111111111111111111111111111111111111111111111111111111111111112157777
77775444444443112444444444445555555555552111111110011000010110010000000000001100000000000000111000111111157777
77775444444444443113444444312000000000210211111100444455455555555555555555555555555555555555555542011111157777
77775444444444444443344331115202222222245211111102566666666666666666556666666666666666666666666654013111157777
77775444444444444444311111115523222222355311111105666655666666666666566666666666666666666666666653001100047777
77775444444443331111111111115524344323225211111302566666665566666666666666666666666666666666666654000000027777
77775443311111111111111111115522324344445211111102566666666666666666666666666666666655666666666654000000047777
77775111111111111111111111114555555555555000000002566666666666666666666666666666666666666666666654000000027777
77775111111111111110000000000000000002331111322325566666666666666666666666666666666666666666666655422222357777
77775010000000000000000400111221122225555665566544566666666666666666666666666666666666666666666666666666667777
77772000000000000000000552222222235545666666666666666666666666666666666666666666666666666666666666566666667777
77774000000000000000000552344322225525666666666666666666666666666666666665566666666666666666666666566666667777
77774000000000000000000522223332322505666666666666666666666666666666666666666666666666666666666666666666667777
77774000000000000000000555455555555525566666666666666666666666666666666666666666666666666666666666666666667777
77774000000000000000000022222222222005666666666656666666666666666666666666666666666666666666666666666666667777
77774000000000000000000200000000000204666666666666666666666666666666666666666666666666666666666666666666667777
77775000000000000000000522222222224504666666666666666666666666666666666666666666666666666666666666666666667777
77774000000000000000000552333222235525666666666666666666666666666666666666666666666666666666666666666666667777
77774000000000000000000552334432322525666666666666666666666666666666666666666666666666666666666666666666667777
77774000000000000000000552244444444525666666666666666666666666666666666666666666666666666666666666666666667777
77772000000000000000000254444545455205666666666666666666666666666666666666666666666666666666666665666666667777
77775222445454454422245555445422224455666666666666666666666666666666666666666666666666666666666666666666667777
77776666666666666666666666666666666666666666666666666666666666666666666666666666666666666666666666666666667777
77776666666666666666666666666666666666666666666666666666666666666666666666666666666666666666666666666666667777
####################################################################################################
--40.p-- palette:
  0: rgb(103, 132, 151)
  1: rgb(116, 99, 98)
  2: rgb(48, 83, 138)
  3: rgb(35, 65, 118)
  4: rgb(33, 34, 81)
  5: rgb(19, 23, 58)
  6: rgb(17, 31, 60)
  7: rgb(4, 5, 14)
77775555555555555555555555555555555555555555555555555555432220000200222020000020222022000022022202000002027777
77775555555555555555555555555555555555555555555555555555420000000000000000000000000000000000000000000000027777
77775555411114551154111555555555555665555555555555555555420255555555666555555565665445400454544544555555557777
77775554011111451156111555555555555006555555555555555555420056666666666666666666666446414441414414414466647777
77775554111111451114111555555555555665555555555555555555530056666666666666666666666414444343314444414444447777
77775555511115554445445555555555555555555555555555555555430056666666666666666666664444444433343444444443467777
77775555555555555555555555555555555555555556333332233333320056643466300466643333444666666666666664444446657777
77775555555555555555555555555555555555555554320000000000000266663334301466664333222222222222233333333333457777
77775555555555555555555555555555555555555555300323233234666633463333334666666666666444432222233333333322657777
77775555555555555555555555555555555555555555300333333336666433330233333666666666666663333223333333333320467777
77775555555555555555555555555435555555555555300333333332004333320033333466666666666322223333333333333333337777
77775555555555555555555543655645555555555555400333333332002333333333333366666444433222233333332222222333337777
77775555555555555555555530455554444444455444300333333333333333333333332266666333333322232222222222222222337777
77775555555555555555555555555543202202000002000322333333333333333333222236666666666663222222222222222222027777
77775555555555555555555555555554200000000000000222222223333333333222222224666666666642222002222222222222027777
77775555555555555555555555554443002220022222222222222222222222222222222222366666664443222222222222222222237777
77775555555555555555555555511111111222222222222222222222222222222222222222224200464333222222222222222222237777
77775555555555555555555555611111111222222222222222222222222222222222222222222213666664222222222222222222227777
77776444444444444444444444411111112222222222222222222222222222222222222222222266666666222222222222222222227777
77771111111111111111111111111111112222222222222222222222222222222222222222234643222222223222200222222222237777
77771111111111111111111111111111112222222222222222222222222222222222222222246666644443222322200222222222237777
77771111111111111111111111111111112222222222222222222222222222222222222222246666444443222222222222222222237777
77771111111111111111111111111111112222222222222222222222222222222222222222234666443333222222222222220022237777
77771111111111111111111111111111112222222222222222222222222222222222222222222366666664222222222222222222237777
77771111111111111111111111111111112222222222222222222222222222222222222222222246666663222222222222222222237777
77771111111111111111111111111111112222222222222222222222222222222222222222222246666443222222222222222222237777
77771111111111111111111111111111000000020002222222222222222222222222222222222346666422222222222222222222237777
77771111111111111111111111100000000003000002222222222222222222222000222222222346666632222222222222222222237777
77771111111111111111111111100000000000001222222222222222222222222002222222222664344432222222222222222222237777
77771111111111111111111111110000000000000222222222222222222222222222222222222466444432222222222222222222237777
77771111111111111111111111111000000000000222222222222222222222222002222222222366643443222222222222222222237777
77771111111111111111111111111100000000000222222222222222222222222002222222232266666422222222333333222222237777
77771111111111111111111111111100110022222222222222222222222222222222222222246366664432222223333333322222237777
77771111111111111111111111111111112232222222222222222222222222333322222226324666664322222233333333322222237777
77771111111111111111111111111111112322222222222222222222222333333333332226634666666444222333333333332222237777
77771111111101111111111111111111113322222222222222222222233333333333333336646666666664322001133333333222237777
77775555555645555555555555511111113333333332222222222222333333333333333336666666433333222011113333333323337777
77775555555555555555555555511111111333333333333222222332003343333333333346666666666444322111113333334433337777
77775555555555555555555555554111003344333333333333333333246666333333333336323333222222222211233333336633367777
77775555555555555555555555555543202233333322334633333333366664333333333333443333333322222222222222222333467777
77775555555555555555555555555543200000002000000633333333346663444333333334666664433333333446644666646643337777
77775555555555555555555555555554444454445543000633333333336644643333366346666666664004666666666666666444657777
77775555555555555555555555555555555533555554200666644623666664333333346666666643322002233334444433334466447777
77775555555555555555555555555555555400655554200666666644666666644333346666666644464433222223333233466666667777
77775555555555555555555555555555555555555554300666666666666666666666666666666666666446446664444666666666657777
77775555555555555555555555555555555555555554300666666666666666666666666666666666666666666666666666666666657777
77775555555555555555555555555555555555555553200000000000000366666666666666666666666644433333333333446666657777
77775555555555555555555555555555555555555554333333333433220056666666666666666666644333333332222222334666657777
77775555555555555555555555555555555555555555555555555555320056666666666666666666666666666646644466666666657777
77775555555555555555555555555555555555555555555555555555420056666666666666414630466666666666666666666666657777
77775555555555555555555555555555555555555555555555555555320056666666666666304642466666666666666666666666657777
77775555555555555555555555555555555555555555555555555555320056665665555666555655565666666666555566566666657777
77775555555555555555555434555555555555555555555555555555320022222222222222222222222222222222222222222222237777
77775555555555555555555000455555555555555555555555555556332002000000000000200000000000020000000000020000007777
77775555555555555555555644555555555555555555555555555555544555555545454555555554445555555554445545555555457777
77775555555555555555555555555555555555555555555555555555555555555555555555555555555555555555555555555555557777
####################################################################################################
--45.p-- palette:
  0: rgb(95, 150, 162)
  1: rgb(50, 97, 151)
  2: rgb(41, 74, 129)
  3: rgb(34, 66, 118)
  4: rgb(32, 38, 91)
  5: rgb(19, 22, 58)
  6: rgb(19, 20, 61)
  7: rgb(11, 19, 37)
77772111111000110111112334555555555555555555555555555555555555555555543211000011011111100001111111110001117777
77771000000000000100000136555555555555555555555555555555555555555555562000000000000000000000000100000000017777
77777555400004554452010036555555555555555555555555555555555555555555562007555555555646564466465544565555547777
77777554000000454054000036555555555555555555555555555555555555555555562005555555555544544445445444444455547777
77774443000000442044000036555555555555555555555555555555555555555555562005555555555644644456444444444455557777
77774223222223344545520145555555555555555555555555555555555555555555541005555555555444654554222222322236557777
77774233333333454445530135555555555555555555555555555555555555555555541005555555555555554333333333333323457777
77774233333333332355530145555555555555555555555555555555555555555555542005555555555554432233333333333334557777
77773123333333332455530136555555555555555555555555555555555555555555562005555555554433233333333333333235557777
77773113333333333455530036555555555555555555555555555555555555555555562003334445542223333333333333333234447777
77773112333333332455510036555555555555555555555555555555555555555555562003222234553333333333333333333333237777
77773111333333332354310145555555555555555555555555555555555555555555542003333333443333333333333333333333237777
77772011220013333333310135555555555555555555555555555555555555555555541003333333233333333333333333333323237777
77772100120012333333310145555555555555555555555555555555555555555555542003333333333333333333333333322111137777
77772110011111112223310136555555555555555555555555555555555555555555563003333333333333333333333333211111137777
77772111100111111122210226555555555555555555555555555555555555555555563003333333333333333333311333211111127777
77772111110011111122210124555555555555555555555555555555555555564555520002222223333322333333322332111111127777
77772111111000111112210036555555555555555555555555555555555555510555530001111123333321122222222211111111127777
77772111111100011112210124555555555565555555555555555555556665566556663001111123333211111111111111111111127777
77772111111100001111210012344333333334655555555555555555633222221121221001112233332111111111111111111111127777
77772111111111000111110000000000000021035555555555555555631000000000000001112233322222211111111111111111127777
77772111111111000111122222221111120023455555555555555555540011111111111111111123311333211111111111111111127777
77772111111111000011122222211111110023655555555555555555540011111111111111111113333333222200111111101111127777
77772111111111100002222222211100010014655555555555555555541011111111111111111113333333333321111111000111127777
77772111111111110000122222111110010013655555555555555555541011111111111111111123333333200233111111111111127777
77772111111111111000022222111111110022466666620344444444430011111111111111111112233333100232111111111111127777
77772111111111111100012222111111110000001000000000000000000011111111111111111111112233333332111111111111127777
77772111111111111100001222111111111100013333331111111111111111111111111111111111111123333333221111111111127777
77772111111111111110000122221111111111145544453111111111111111111111111111111011111112333333332211111111127777
77772111111111111111000022221111111111145544444111111111111111111111111111111111111111233333320011100111127777
77772111111111111121100002221111111111015554444411111111111111111111100011111111111112333333331111100011127777
77772111111111111221110000221111111110001045543111111233333321111111110111111111111223333333321111111111127777
77772111111111101222110000111111111213433045444111111233333331111111111111101111222333333333322211111111127777
77773111111112222222211000020011111441455555531111122333333332111111111111101222333333333333333321111111127777
77773111111122222222222200003333211453343345564421233333333333211111111112233333333333333333333332111111137777
77773111111111111122332210000333332455200004555431123333333333321111012233333333333333333332223333222222237777
77774221111111111233323230000233323555000002333331113333333333322220013333333333333333333333443333333333237777
77774233222222223332334300000023334555400004544441112332333333443332001233333333333333333345554322223333237777
77774233333333333334455300000003322542200002111221111111333323654334000232222222333333322235553334443333237777
77774245554233333335555432100003300233111111111111000011111122223444321111112443333333444336544554433333237777
77775335554233333324555444332024330000000000000000000110000046654332233344455443322222345431123332223333347777
77777544553333333333555454333225540023444444444411466666421055554455554444444455644211345544432234444655557777
77775555540164444446555432233334550036555555555555555555420034445554322112221234555445555555544445555555557777
77775555552455555555555554333334550036555555555555555555630045555556446555554431245555555555555555555555557777
77777555555555555555555555555555550024555555555555555555421042410355555555443333212455555555555555555555557777
77775442211005555555555555555555550024555555555555555555421042410355555555555555432234465555555555555555557777
77770000000002555555540000000000000024555555555555555555421000000000000015555555555555455555555555555555557777
77770000000000555555530022112122222333045555555555555555433333332343321005555555555555245555555555555555557777
77770000000000555555530246665666666666555555555555555555556555555555532005555555555555555555553255555555557777
77770000000000455555530245555555555555555555555555555555555555555555542005555555555555555555552155555555557777
77770000000000455555530145555555555555555555555555555555565555555555542005555555555555555555555555555555557777
77771000000013555555530145555555555555555555555555555555205555555555542004555555555555555555555555555555577777
77773111100012111111100245555555555555555555555555555555555555555555532000111111111111111111111111111111137777
77770000000110010000001236555555555555555555555555555555555555555555532110111000000000011101000000001100017777
77776666666666666666664445555555555555555555555555555555555555555555564466666666666666666666666666666666667777
77777555555555555555555555555555555555555555555555555555555555555555555555555555555555555555555555555555577777