####################################################################################################
FILE shot_1491111489_2.png 392x696 palette:
  0: rgb(226, 244, 252)
  1: rgb(189, 228, 244)
  2: rgb(167, 203, 225)
  3: rgb(70, 67, 101)
  4: rgb(19, 25, 57)
  5: rgb(18, 25, 56)
  6: rgb(16, 25, 57)
  7: rgb(15, 22, 54)
444444444444444444444444444444444444444444444444444444444444444444444444444444444444444444444444
455555555555555555555555555555555555555555555555555555555555555555555555555555555555555555555555
455555555555555555555555555555555555555555555555555555555555555555555555555555555555555555555555
455555555555555555555555555555555555555555555555555555555555555555555555555555555555555555555555
455555555555555555555555555555555555555555555555555555555555555555555555555555555555555555555555
455555555555555555555555555555555555555777777555775555555555555555555555555555555555555555555555
455555555555555555555555555555555555557433334777347777777555555555555555555555555555555555555555
455555555555555555555555555555555555557302323333233334323755555555555555555555555555555555555555
455555555555555555555555555555555555557313723222221223103755555555555555555555555555555555555555
455555555555555444444444444444444444445437534322443433223744444444444444444444444555555555555555
455555555555564333333333333333333333333333333223333332223333333333333333333333333475555555555555
455555555555554444444444444444444444444444444444444444444444444444444444444444444455555555555555
475555555555555777777777777777777777777777777777777777777777777777777337777777777555555555555555
466677677776666677677776666667777676666667767777666666777777447555557437666666776777766666677776
222232232322222222222222222223223232222223222232222222222323333455574333222222322222222222222232
000000000000000000000000000000000000000000000000000000000000123455554320000000000000000000000000
111111122111211121111111111111111111111111111111111111111110024755557310111111111111111111111111
111112222221221222211111111111111111111111111111111111111110134555557310111112222222222222222111
111112333321221222211111111111111111111111111111111111111110137555557320111112222222222221222111
111111222211221122111111111111111111111111111111111111111110137777777320111112211221122111112111
111111111111111111111111111111111111111111111111111111111110023333333210111111111111111111111111
111111111111111111111111111111111111111111111111111111111110001100001000111111111111111111111111
111111111111111111111111111111111111111111111111111110111122222111122222111122222111111111111111
111111111111111111111111111111111111111111111111111111111232222211232222211232222211111111111111
111111111111111111011111111111110111111111111111111111111221100211221100211322000211111111111111
111111111111111111111111111111111111111111111111111111111222102211222002211222002211111111111111
111111111111111111111111111111111111111111111111111111111112222111112222111122222111111111111111
111111111111111111111111111111111111111111111111111111111111211111111211111101211111111111111111
111111111111111111111111111111111111111111111111111111111011111111111111111111111111111111111111
111111111111111111111111111111111111111111111111111111111111111111111111111111110011111111111101
111111111111111111111111111111111111111111111111111111111111111111111111111111111111111111111111
111111111111111111111111111111111111111111111111110111111111111111111111111111111111111111111111
111111111111111111111111111111111111111111111112222222211111111111111111111111111111111111111111
111111111111111111111111111111111111111111111123233322221111111111111111111111111111111111111111
111111111111111111111111111111111111111111222222001233322111111111111001111111111111111111111111
111111011111111111111111111111111111111111233222222232222211111111110000111111111111111111111111
111111001111111111111111111111111111011111122222232222223321111111110000011111111111112211111111
110111101100111111110111111111111111111112222333222223333321111111000000001111111111122222111111
110110110011100000000011111111111111111222222233223333322111111110000000000111111111222222221111
001100110011000000000000111111111111122222100002333322111111111100000000000001111222222222222222
100001001100000000010000001111111112222110000011222101111111111000000000000000022222222222222222
110111100000000000001210000001111122221000011111111101111111110000012221100000001222222222222222
111111110000000000000001000000002222100010111111000000000000000001222222222000000122222222222222
111111100000000000000000122000022210000111111111002222222220022222222222222221000012222222222222
111111000000000000011111002221221000000011111111023434743431022222222222222222222221222222222222
221100000010000000111111100122210001111011111111023777577731022222222222222222222222112222222222
110000001111000000111111111011100111111111111221023755555731022222222222222221222222211122222122
000000111111110001111111111100001111111111122222013755555421022222222222222222222222222111222222
100111111111111111111111000000000110101110011111023755574320022222222221222222222222222221111222
111111111111111111111110011111121001011101000100123475434332111111221100012222222222222222221011
111111111111111111111110223444443333333333234433333444433333333333443322012222222222222222222211
000000011111111111111110124777777777777774347777744434777777347777777421022223202222222222222222
000000000000000000000000024743455555555557437555774434555577775445555631022222012222222222111111
000000000000000000000000223754777777466664776764334775555543467447777322022222222222111111111111
000000000000000000000000122233222222222222222222233375557432222233333221022221221111111111111111
000000000000000000000000000000000000000000000000023475555631000000000000011110111111111101000000
000000000000000000000000000000000000000022222200022775555420000000000011111111100000000000000000
000000000000000000000000000000000000000120022300023433755420000000000000000000000000000000000000
000000000000110000111110110000110000000121122300023544555531000000000000000000000000000000000000
000000000002333333333333333333332000000012222000023777777631000000000000000000000000000000000000
000000000013477777777777777777742100000000220000023333332220000000000000000000000000000000000000
000000000013455573375555577555742000000000000000000100001100000000000000000000000000000000000000
000000000002475554455555743455732000000000000000000000000000000000000000000000000000000000000000
000000000002475557555555443455732000000000000000000000000000000000000000000000000000000000000000
000000000012355555544555447555532000000000000000000000000000000000000000000000000000000000000000
223222222222345555733455755555432222322322222233322232222223232232222223232232222223333223222222
477677777443555555544555555555743443477777777677777776777777777776777777777777777767777777677777
455557555577555555555555555554457755555555544744555555555555555555555445555555555555555555555555
455544455555555555555555775573345555555555733743755555555555555555555434555555555557555555555555
455544457555555555555557437555455555555555544577555544555555555555555555555555555544555575555555
455557543455555555555555445555555555555755555555555544555555555555555555555555555544557334555555
455555543375555555555555575766665755554345556755555643555555555555555555555555555577555444555555
455555557345555555555555554444444445654455554445555644555555555555555555555555555555555575555555
455555555445555555555555573333333334445445543334774444754444445774444455575577555555555555555555
455555555755555555555555573443343433333334643733343433343434333443333375744433755555555555555555
455555555555555555555555573443373433433434643433433433333434333335333375544434555555555555555555
455555555555555555555555573334773334333734643333333333333333333334443375555575555555555555555555
455555555555444555555767564345554444333437674444447444444444444444444455555555555555555555555555
455555555555434555556333743375557773333343347777743347757777757777777544555555555555555555555555
455555555555575555557333333347554334333343333333443433374333373333555743555555555555555555555555
455555555555555555555343343333773333433433433433333433333334333333777777777555555555555555555555
455555555555555555555343343343774343533433433433433433337343334377333333333555555555555555555555
455555555555555555556333333333757433333333333343344333333333333377333333333555555555555555555555
455555555555555555555757757757555775555577577677665755775555775755757757757555555555555555555555
455555555555555555555555555555555555555555555755555555555555555555555555555555555555555555555555
455555555555555555555555555555555555555555554345555555555555555555555555555555555555555555555555
455555555555555555555555555555555555555555554455555555555555555555555555555555555555555555555555
455555555555555555555555555555555555555555555755555555555555555555555555555555555555555555555555
455555555555555555555555555555555555555555555555555555555555555555555555555555555555555555555555
####################################################################################################
FILE shot_1491111489_3.png 392x696 palette:
  0: rgb(173, 206, 205)
  1: rgb(69, 111, 124)
  2: rgb(46, 56, 81)
  3: rgb(18, 43, 75)
  4: rgb(18, 25, 57)
  5: rgb(18, 25, 56)
  6: rgb(18, 24, 55)
  7: rgb(15, 27, 59)
555555555555555555555555555555555555555555555555555555555555555555555555555555555555555555555555
555555555555555555555555555555555555555555555555555555555555555555555555555555555555555555555555
555555555555555555555555555555555555555555555555555555555555555555555555555555555555555555555555
555555555555555555555555555555555555555555555555555555555555555555555555555555555555555555555555
555555555555555555555555555555555555555555555555555555555555555555555555555555555555555555555555
555555555555555555555555555555555566665555555555665555555666665555555555555555555555555555555555
555555555555555555555555555555555622236666666666226666666222225555555555555555555555555555555555
555555555555555555555555555555555600011211112112111113111010105655555555555555555555555555555555
555555555555555555555555555555555600010000001010000101000010106655555555555555555555555555555555
555555555555555444444444444444444524224222222232222322001232324444444444444444444555555555555555
555555555555564111111111111111111111111111111111111111001111111111111111111111111365555555555555
555555555555554222222222222222222222222222222222222222332222222222222222222222222455555555555555
555555555555555666666666666666666666666666666666666666666666666666666666666666666666666666666666
555555555555555555556423776746777777676476477777464676677777767674677777767674677777746757667777
555555555555555555567110001000000000101000100000010100100000010100100000010100000000001010010000
555555666655655665556200000000000000000000000000000000000000000000000000000000000000000000000000
555556222464245224556300000000000000000000000000000000000000000000000000000000000000000000000000
555561000126114111466300000000000000000000000000000000000000000000000000000000000000000000000000
555551111026112110266710000000000000000000000000000000000000000000000000000000000000000000000000
555565211245225522666310000000000000000000000000000000000000000000000000000000000000000000000000
555556667111111111111100000000000000000000000000000000000000000000000000000000000000000000000000
555555563100000000000000000000000000000000000000000111000000000000000000000000000000000000000000
555555556100000000000000000000000000000000000000001111100000000000000000000000000000000000000000
555555556100000000000000000000000000000000000000001111000000000000000000000000000000000000000000
555555556200000000000000000000000000000000000000000000000000000000000000000000000000000000000000
666666666310000000000000000000000000000000000000000000000000000000000000000000000000000000000000
223227222100000000000000000000000000000000000000000000000000000000000000000000000000000000000000
000000000000000000000000000000000000000000000000000000000000000000000000000000000000000111000000
000000000000000000000000000000000000000000000000000000000000000000000000000000000000001111100000
000000000000000000000000000000000000000000000000000000000000000000000000000000000000001111000000
000000000000000000000000000000000000000000000000000000000000000000000000000000000000000000000000
000000000000000000000000000000000000000000000000000000000000000000000000000000000000000000000000
000000000000000000111111100000000000000000000000000000000000000000000000000000000000000000000000
000000000000000000111111100000000000000000000000111101100000000000000000000000000000000000000000
101111111111111111110000000000000000000000001122222000100000000000000000000000000000000000000000
111111111111111111110000011111000000000000012222100000110000000000000000000000000000000000000000
111111111111111110110000011111111111111111112222100000022110000000000111000000000000000000000000
000000000000000000010000011111111111111111112222220000012111111111111111111111000000000000000000
000000000000000000110000011111111111111111111121100000011111111111111111111111111111101111111110
000000000000000000110000001111111111111110000021111111111111111111111111111111111111101111111111
000000000000000000110000000111111111110000000011111111111111111111111111111111111111111111111111
000000000000000000110000000001111111000000001111111111111111111111111111111111111111111111111111
000000000000000000110000000000111100000011111111111111111111111111111111111111111111111111111111
000000000000000000110000011100000000011111111111111111111111111111111111111111111111111111100000
000000000000000000110000011100000001111111111111111111110111111111111111111111111111111111111111
111111111111111111110000012111000111111111111111111111111111111011111111111111111111111111111111
111111111111111100110000012111222222222111111111111111111111111111111111111111111111111111111111
111111111111111111111000112111111111111111111221122222222222222222222222212211111111111111111111
111111111111111122111111111111111111111111111210121111111111111111111111111111111111111211111111
111111111111111111111111111111111111111111111111111111111111111111111111121121111111122111111111
111111111111111111111111111111111111111111111111111111111111111111111111111111111111111111111111
111111111111111111111111111111111111111111111111111111111111101111111111111111111111111122111111
222122221121111111111111111111112111111111111111111111111112111211111111111111111111111211211111
111111111111112111111111111111111111111111111111111111111111111111111111111111111111111111111111
000000000000111111111111111111111111111111111111111111111110000111111111111111111111111111111111
223223222100111111111111111111111111111111111111111111111100010111111111111111111111111111111111
666666666310122211111111111111111111111211111111111222221111111111111111111111111111122111111111
555555566200121111111111111111111111111111111111111111000001111112222222233333332222222222222222
555555424100111111111111111111111111111111112210000000000000122233333333333333333333333223333333
555556413100111111111111111111111122222233333321111111111111222222222222222222222222222222222222
555555663100000000000000132233333333333333333333300000000000000000000000000000000000000000000000
555555567111111111111100173333333333333333333333200011111111111211211111121111111111001111111111
555555556656666426666310173333333333333333333333200266666666666666226666666666666666425666666666
555555556212655665556710173333333333333333333333200365555555555556226555555555555555666555555555
555555556212655555556300173333333333333333333333200165555555555555665555555555555555555555555555
555555555666555555556200133333333333333333333333200165555555555555555555555555555555555555555555
555555555555555555556200000000000000000000000000000165555555555555555555555665555555555555555555
555555555555555555567110000000000000000000000000001136555555555555555555556226555555555555555555
555555555555555566556723776776777777674432377777732366555555555555555555555335555555555555566655
555555555555555621655666666666666666666666666666666643655555555555555555555665555555555555642465
555555555555555633655555555555555555555555555555555633655555555555555555555555555555555555642465
555555555555555666566555555666555555555555556665555542455556655556655555555566555555555555566555
555555555555556324423556666423666655556446664246555642465553256643345666566632455555555555555555
555555555555564121121363334121433346564122441213466434345621124421126433543211265555555555555555
555555555555564161161222121151122212662162111622122122216621612111122221112152266656655555555555
555555555555564161161122151151121161463151221611611612216622212212212222212122242452146555555555
555555555555564121121122221121162221454222211211211222116621212121112136412221111361146555555555
555555555555556324422422223423151223666632234234233222236542223611242255663222322656665555555555
555555555555555666666666666666222666211222222666666666666664222111256655556666666555555555555555
555555555555555555654555555622222222211121121464222222422222121222216555555555555555555555555555
555555555555555555212655555615112122121121151463121121121221121212216555555566555555555555555555
555555555555555564113655555612116122121121121464121251161221112211265555555622655555555555555555
555555555555555555445555555552222221222222222456311221222222112221465555555622655555555555555555
555555555555555555565555555556655556666666666564121212655566666666655555555566555555555555555555
555555555555555555555555555555555555555555555555322246555555555555555555555555555555555555555555
555555555555555555555555555555555555555555555555666655555555555555555555555555555555555555555555
555555555555555555555555555555555555555555555555555555555555555555555555555555555555555555555555
555555555555555555555555555555555555555555555555555555555555555555555555555555555555555555555555
555555555555555555555555555555555555555555555555555555555555555555555555555555555555555555555555